1
3
4
5
6
10
11
12
13
15
18
19
20
21
23
24
25
26
27
29
30
31
32
33
34
36
38
39
40
41
42
44
45
46
47
49
51
52
53
54
55
56
58
59
61
62
63
65
67
68
70
72
73
74
75
76
77
79
80
82
83
84
85
86
87
88
90
91
93
96
97
98
101
103
105
107
108
109
110
111
112
113
114
115
116
120
121
122
127
129
132
133
134
135
136
137
139
140
141
143
144
145
146
147
148
149
150
151
152
153
154
155
156
158
159
161
163
165
168
169
170
171
172
173
174
175
176
178
179
180
181
184
187
189
190
191
192
193
194
196
197
198
199
200
201
202
205
206
207
208
209
210
212
213
214
215
216
217
219
221
222
223
226
227
228
230
232
233
235
237
239
241
243
244
245
251
252
253
254
256
257
260
261
265
266
267
268
270
271
274
275
277
278
279
283
284
285
286
289
290
291
292
293
295
296
298
299
300
301
303
304
305
306
307
310
311
313
314
315
316
318
319
320
321
323
325
327
328
330
331
333
334
336
337
338
342
343
344
345
346
348
349
350
352
353
354
356
357
359
361
362
364
365
367
369
370
372
373
375
376
377
378
379
380
382
386
387
388
389
391
392
393
394
396
397
399
400
401
403
405
406
407
408
409
410
412
413
414
415
417
418
420
421
422
423
425
427
431
433
434
435
437
438
439
440
442
447
450
452
453
454
455
456
457
458
459
460
461
462
463
467
468
469
470
471
472
473
474
476
477
478
479
480
481
482
484
485
486
487
491
492
493
495
497
498
499
500
502
503
504
